1	214551446	214556653	2	2	1	1	0	23
2	55462099	55462563	1	1	1	1	0	13
2	216977853	216981381	1	1	1	1	0	39
6	126112214	126136436	1	1	1	1	0	18
9	35685137	35685265	2	2	1	1	0	14
9	35685337	35685430	2	2	1	1	0	6
12	65847606	65856934	1	1	1	1	0	18
12	125396727	125397182	2	2	1	0	1	41
12	125396727	125397866	2	2	1	0	1	41
12	125396727	125398094	2	2	0	0	1	41
12	125396955	125398094	2	2	0	0	1	41
12	125397183	125398094	2	2	0	0	1	41
12	125397411	125398094	2	2	0	0	1	41
12	125397437	125397664	1	1	0	0	1	24
12	125397867	125398094	2	2	0	0	1	41
